,4,1
0,12,2.79
1,14,2.36
2,44,2.0
3,46,3.0
4,48,2.04
5,49,2.34
6,51,3.0
7,52,3.0
8,56,3.0
9,63,3.0
10,65,2.99
11,67,2.96
12,69,2.99
13,70,3.0
14,71,2.94
15,77,2.996
16,80,1.98
17,86,2.81
18,87,1.0
19,90,2.18
20,98,3.0
21,102,2.0
22,105,1.0
23,107,3.0
24,126,2.02
25,131,2.0
26,135,2.0
27,142,3.0
28,150,3.0
29,151,3.0
30,159,2.59
31,163,3.0
32,165,2.72
33,168,3.0
34,174,2.78
35,180,2.82
36,190,2.0
37,192,3.0
38,193,1.63
39,204,2.0
40,205,3.0
41,206,3.0
42,210,2.92
43,213,2.88
44,217,2.0
45,220,3.0
46,244,2.0
47,245,2.98
48,249,3.0
49,254,3.0
50,255,2.0
51,257,3.0
52,261,2.38
53,262,2.98
54,263,3.0
55,276,2.95
56,277,2.82
57,278,2.43
58,280,2.81
59,282,2.0
60,285,2.43
61,286,3.0
62,292,2.94
63,298,2.98
64,301,2.92
65,311,3.0
66,312,2.63
67,313,3.0
68,321,3.0
69,322,2.0
70,325,3.0
71,330,2.76
72,335,2.96
73,339,3.0
74,340,2.32
75,345,2.84
76,373,3.0
77,379,3.0
78,387,1.24
79,390,3.0
80,393,3.0
81,404,2.02
82,423,3.0
83,424,2.0
84,429,2.94
85,438,2.94
86,448,3.0
87,450,2.86
88,458,2.0
89,459,2.86
90,465,3.0
91,468,2.02
92,472,3.0
93,478,3.0
94,483,2.88
95,486,2.82
96,495,2.0
97,500,3.0
98,502,2.98
99,511,3.0
100,517,2.52
101,523,1.16
102,525,2.0
103,529,3.0
104,545,3.0
105,555,3.0
106,558,2.04
107,560,3.0
108,561,3.0
109,562,2.98
110,568,2.22
111,569,2.64
112,572,3.0
113,579,2.84
114,582,3.0
115,585,2.38
116,587,3.0
117,590,2.3
118,598,2.98
119,599,2.0
120,610,2.8
121,616,2.0
122,621,2.18
123,622,2.98
124,624,2.72
125,625,2.99
126,628,3.0
127,639,2.58
128,640,2.0
129,646,2.0
130,649,2.06
131,656,1.0
132,657,2.98
133,658,2.92
134,662,2.0
135,663,2.0
136,673,2.98
137,676,3.0
138,678,3.0
139,684,3.0
140,692,2.0
141,695,2.94
142,697,2.0
143,701,3.0
144,702,2.51
145,711,2.0
146,725,2.0
147,733,2.0
148,738,3.0
149,739,3.0
150,740,3.0
151,744,2.78
152,751,2.98
153,754,2.86
154,757,3.0
155,763,2.5
156,765,2.03
157,771,2.56
158,787,3.0
159,789,3.0
160,809,2.72
161,815,3.0
162,816,2.0
163,829,3.0
164,830,3.0
165,833,1.0
166,840,2.58
167,841,3.0
168,850,3.0
169,851,3.0
170,857,3.0
171,862,2.94
172,874,3.0
173,875,2.2
174,883,2.0
175,889,3.0
176,894,3.0
177,896,3.0
178,897,2.56
179,898,3.0
180,899,2.54
181,907,3.0
182,913,3.0
183,917,2.23
184,938,3.0
185,951,1.0
186,955,2.44
187,967,3.0
188,969,2.71
189,974,2.0
190,985,2.0
191,991,2.72
192,994,2.98
193,997,3.0
194,1004,2.96
195,1007,3.0
196,1010,3.0
197,1014,2.92
198,1022,3.0
199,1026,2.04
200,1027,2.35
201,1029,3.0
202,1030,3.0
203,1044,3.0
204,1047,2.9
205,1050,2.69
206,1056,2.84
207,1059,3.0
208,1060,2.6
209,1070,3.0
210,1074,2.76
211,1078,3.0
212,1080,3.0
213,1081,2.14
214,1084,3.0
215,1089,2.86
216,1092,3.0
217,1107,1.0
218,1108,2.82
219,1111,2.8
220,1115,3.0
221,1118,3.0
222,1123,3.0
223,1133,3.0
224,1134,3.0
225,1142,2.0
226,1151,2.98
227,1156,3.0
228,1172,2.46
229,1173,2.66
230,1177,3.0
231,1205,3.0
232,1207,2.1
233,1211,2.85
234,1231,2.32
235,1240,2.9
236,1253,2.9
237,1254,3.0
238,1266,3.0
239,1273,3.0
240,1278,3.0
241,1280,3.0
242,1286,2.0
243,1288,2.94
244,1291,1.24
245,1294,2.0
246,1308,1.0
247,1316,2.56
248,1317,3.0
249,1318,2.76
250,1319,3.0
251,1320,3.0
252,1322,3.0
253,1323,3.0
254,1338,3.0
255,1352,2.0
256,1359,3.0
257,1364,2.0
258,1370,3.0
259,1375,2.41
260,1379,2.0
261,1382,2.0
262,1389,2.02
263,1406,2.0
264,1408,2.98
265,1411,2.84
266,1414,1.18
267,1423,3.0
268,1430,3.0
269,1440,2.0
270,1442,2.08
271,1443,3.0
272,1449,2.16
273,1453,2.04
274,1454,2.98
275,1455,2.0
276,1456,2.84
277,1457,1.0
278,1463,3.0
279,1464,3.0
280,1466,3.0
281,1468,2.58
282,1469,3.0
283,1472,3.0
284,1474,2.63
285,1482,2.04
286,1488,3.0
287,1499,2.84
288,1500,2.79
289,1529,2.44
290,1536,2.88
291,1549,2.64
292,1558,3.0
293,1567,3.0
294,1573,2.98
295,1582,3.0
296,1585,2.0
297,1593,3.0
298,1596,2.4
299,1608,2.8
300,1613,3.0
301,1624,2.2
302,1640,2.96
303,1643,2.74
304,1651,3.0
305,1660,1.1
306,1662,3.0
307,1663,1.22
308,1665,3.0
309,1666,3.0
310,1667,3.0
311,1674,3.0
312,1694,1.0
313,1696,2.98
314,1701,1.0
315,1702,2.96
316,1704,3.0
317,1708,2.9
318,1732,3.0
319,1733,2.82
320,1735,2.84
321,1742,2.72
322,1744,3.0
323,1747,1.0
324,1776,3.0
325,1777,2.3
326,1778,2.26
327,1783,3.0
328,1787,3.0
329,1791,3.0
330,1804,1.06
331,1811,2.0
332,1815,2.8
333,1819,2.28
334,1830,2.57
335,1838,2.2
336,1839,2.12
337,1841,3.0
338,1855,1.29
339,1867,1.0
340,1880,2.28
341,1882,2.18
342,1883,3.0
343,1885,2.92
344,1890,3.0
345,1891,2.72
346,1895,2.88
347,1907,2.88
348,1922,2.26
349,1927,2.84
350,1934,2.02
351,1936,3.0
352,1940,2.3
353,1956,3.0
354,1965,2.63
355,1972,2.44
356,1974,3.0
357,1979,2.02
358,1981,3.0
359,1982,3.0
360,1984,3.0
361,1986,2.86
362,1988,2.82
363,1989,3.0
364,1998,2.74
365,2003,2.76
366,2005,3.0
367,2007,2.48
368,2008,2.86
369,2012,2.0
370,2013,2.84
371,2020,3.0
372,2024,3.0
373,2034,2.74
374,2049,2.0
375,2051,3.0
376,2052,2.3
377,2055,2.86
378,2060,2.0
379,2082,2.96
380,2083,2.96
381,2088,3.0
382,2089,2.0
383,2091,3.0
384,2092,2.28
385,2097,2.98
386,2103,2.32
387,2114,2.02
388,2119,2.68
389,2125,2.42
390,2126,3.0
391,2131,2.94
392,2134,3.0
393,2139,2.84
394,2141,3.0
395,2142,3.0
396,2145,3.0
397,2146,3.0
398,2152,3.0
399,2157,3.0
400,2176,2.0
401,2179,2.92
402,2180,3.0
403,2184,3.0
404,2205,3.0
405,2207,2.0
406,2218,3.0
407,2221,3.0
408,2223,2.45
409,2232,3.0
410,2235,2.76
411,2239,2.0
412,2247,2.0
413,2249,2.09
414,2251,2.77
415,2259,1.0
416,2260,3.0
417,2262,3.0
418,2267,2.98
419,2268,2.92
420,2270,3.0
421,2284,2.96
422,2285,3.0
423,2289,3.0
424,2294,2.5
425,2297,2.4
426,2299,2.0
427,2306,2.03
428,2313,3.0
429,2321,2.98
430,2322,2.0
431,2325,3.0
432,2326,3.0
433,2329,2.98
434,2334,3.0
435,2335,2.8
436,2337,2.64
437,2340,1.52
438,2349,2.99
439,2356,3.0
440,2357,2.48
441,2363,3.0
442,2365,3.0
443,2367,2.28
444,2374,2.9
445,2377,1.0
446,2379,2.4
447,2382,3.0
448,2384,3.0
449,2391,1.62
450,2394,2.0
451,2405,2.02
452,2408,3.0
453,2409,2.2
454,2412,3.0
455,2413,2.98
456,2416,3.0
457,2419,2.0
458,2422,3.0
459,2429,2.33
460,2433,1.0
461,2443,3.0
462,2451,2.47
463,2462,2.61
464,2463,2.16
465,2464,2.69
466,2470,3.0
467,2477,2.96
468,2480,2.22
469,2482,3.0
470,2483,3.0
471,2489,3.0
472,2498,2.7
473,2501,2.42
474,2506,2.66
475,2514,2.94
476,2519,2.53
477,2523,1.0
478,2524,2.0
479,2526,3.0
480,2532,2.0
481,2533,3.0
482,2535,2.65
483,2554,2.12
484,2556,1.0
485,2557,3.0
486,2558,3.0
487,2568,2.76
488,2569,2.98
489,2574,2.86
490,2601,3.0
491,2608,3.0
492,2609,2.0
493,2627,3.0
494,2640,2.59
495,2641,2.44
496,2646,2.98
497,2652,1.0
498,2689,3.0
499,2692,2.37
500,2703,2.96
501,2707,3.0
502,2708,2.0
503,2712,2.0
504,2713,3.0
505,2724,3.0
506,2725,2.02
507,2729,2.0
508,2730,2.0
509,2736,3.0
510,2744,2.0
511,2746,2.94
512,2747,3.0
513,2750,1.64
514,2762,2.12
515,2765,2.08
516,2771,2.98
517,2772,3.0
518,2790,2.0
519,2794,2.6
520,2809,2.98
521,2810,2.0
522,2823,2.26
523,2824,2.96
524,2829,2.28
525,2831,2.0
526,2833,3.0
527,2837,3.0
528,2838,2.66
529,2840,2.36
530,2841,2.4
531,2843,2.7
532,2844,3.0
533,2860,2.57
534,2862,2.98
535,2864,3.0
536,2867,2.82
537,2871,2.5
538,2872,3.0
539,2873,2.0
540,2882,2.962
541,2887,3.0
542,2888,3.0
543,2892,3.0
544,2895,2.0
545,2897,1.96
546,2903,2.02
547,2909,2.0
548,2917,2.96
549,2918,2.92
550,2925,2.62
551,2932,2.92
552,2936,3.0
553,2944,2.98
554,2946,3.0
555,2952,2.92
556,2956,3.0
557,2958,3.0
558,2962,2.94
559,2967,1.0
560,2972,2.0
561,2973,2.58
562,2982,3.0
563,2983,2.98
564,2987,2.02
565,2991,2.0
566,2996,2.98
567,3003,2.1
568,3004,3.0
569,3005,3.0
570,3008,2.92
571,3012,3.0
572,3018,2.0
573,3035,3.0
574,3037,3.0
575,3052,2.96
576,3054,2.22
577,3056,2.4
578,3059,2.94
579,3066,2.98
580,3067,3.0
581,3075,2.98
582,3080,3.0
583,3082,3.0
584,3086,2.94
585,3097,2.9
586,3102,3.0
587,3105,3.0
588,3106,3.0
589,3112,2.87
590,3115,2.11
591,3120,2.38
592,3122,3.0
593,3124,3.0
594,3126,3.0
595,3137,2.86
596,3140,2.91
597,3146,2.85
598,3155,2.65
599,3162,2.96
600,3167,2.2
601,3175,3.0
602,3179,2.65
603,3185,3.0
604,3186,3.0
605,3187,3.0
606,3195,3.0
607,3196,3.0
608,3198,2.87
609,3202,2.96
610,3203,1.05
611,3205,2.0
612,3206,3.0
613,3212,3.0
614,3216,3.0
615,3221,3.0
616,3228,3.0
617,3231,2.8
618,3232,3.0
619,3237,2.59
620,3251,2.04
621,3260,1.05
622,3267,2.0
623,3268,2.1
624,3269,2.13
625,3273,2.98
626,3277,3.0
627,3283,2.88
628,3287,2.0
629,3293,3.0
630,3294,2.28
631,3301,2.3
632,3303,2.98
633,3308,3.0
634,3313,2.98
635,3321,2.94
636,3322,2.0
637,3345,3.0
638,3349,3.0
639,3361,2.0
640,3362,3.0
641,3365,2.0
642,3375,2.94
643,3386,2.0
644,3393,3.0
645,3398,2.0
646,3402,2.2
647,3403,1.1
648,3405,2.78
649,3407,3.0
650,3412,2.98
651,3413,2.95
652,3417,3.0
653,3423,3.0
654,3424,2.96
655,3429,3.0
656,3433,3.0
657,3436,2.86
658,3441,2.82
659,3453,2.96
660,3456,3.0
661,3459,3.0
662,3462,1.54
663,3465,2.58
664,3466,3.0
665,3480,2.29
666,3483,3.0
667,3493,2.94
668,3497,2.9
669,3510,3.0
670,3518,3.0
671,3523,2.0
672,3529,3.0
673,3539,2.0
674,3543,2.96
675,3546,3.0
676,3554,2.78
677,3563,3.0
678,3572,2.67
679,3573,2.39
680,3578,2.16
681,3583,3.0
682,3584,2.8
683,3587,2.07
684,3588,3.0
685,3591,2.89
686,3593,3.0
687,3595,2.14
688,3596,3.0
689,3608,3.0
690,3611,3.0
691,3617,2.28
692,3620,2.41
693,3630,2.96
694,3636,3.0
695,3662,2.68
696,3666,1.0
697,3670,2.84
698,3689,3.0
699,3692,2.02
700,3703,3.0
701,3706,1.0
702,3708,2.36
703,3710,2.0
704,3714,1.0
705,3717,2.0
706,3718,3.0
707,3719,2.0
708,3726,2.52
709,3737,3.0
710,3738,3.0
711,3742,2.0
712,3743,2.92
713,3744,2.63
714,3745,3.0
715,3747,2.0
716,3751,2.0
717,3753,2.0
718,3769,2.22
719,3787,3.0
720,3802,2.02
721,3819,2.62
722,3822,2.59
723,3825,3.0
724,3837,3.0
725,3850,1.65
726,3859,2.0
727,3867,2.0
728,3868,3.0
729,3870,2.47
730,3874,3.0
731,3876,3.0
732,3880,2.05
733,3885,3.0
734,3889,3.0
735,3890,2.02
736,3896,3.0
737,3898,2.0
738,3902,3.0
739,3912,3.0
740,3915,3.0
741,3921,2.69
742,3933,2.0
743,3941,2.5
744,3942,3.0
745,3955,3.0
746,3956,3.0
747,3957,2.28
748,3958,3.0
749,3961,2.56
750,3962,3.0
751,3968,2.0
752,3875,2.46
753,3978,2.44
754,3990,3.0
755,3992,2.94
756,3993,3.0
757,4004,3.0
758,4006,2.04
759,4007,2.76
760,4034,2.92
761,4036,2.23
762,4043,2.94
763,4054,3.0
764,4055,3.0
765,4056,2.96
766,4057,3.0
767,4058,3.0
768,4064,3.0
769,4076,3.0
770,4081,2.88
771,4082,1.0
772,4085,1.0
773,4089,3.0
774,4091,2.0
775,4096,3.0
776,4099,1.0
777,4102,2.88
778,4103,3.0
779,4105,3.0
780,4109,3.0
781,4114,2.5
782,4119,3.0
783,4125,3.0
784,4126,1.2
785,4129,3.0
786,4132,2.0
787,4135,2.92
788,4138,3.0
789,4142,2.96
790,4143,2.94
791,4151,2.89
792,4153,3.0
793,4161,3.0
794,4164,3.0
795,4166,2.98
796,4178,3.0
797,4182,3.0
798,4185,3.0
799,4193,3.0
800,4201,2.0
801,4204,2.56
802,4206,3.0
803,4209,2.56
804,4212,2.7
805,4216,3.0
806,4226,2.06
807,4228,3.0
808,4229,2.96
809,4232,2.94
810,4234,2.71
811,4241,3.0
812,4243,2.0
813,4253,3.0
814,4258,3.0
815,4262,2.2
816,4263,2.98
817,4271,3.0
818,4275,3.0
819,4282,2.85
820,4295,2.56
821,4302,3.0
822,4305,3.0
823,4316,3.0
824,4319,3.0
825,4322,3.0
826,4333,2.42
827,4342,3.0
828,4344,2.19
829,4345,3.0
830,4348,3.0
831,4361,2.16
832,4362,3.0
833,4368,2.12
834,4376,2.0
835,4377,2.61
836,4380,3.0
837,4381,3.0
838,4384,2.94
839,4392,3.0
840,4398,3.0
841,4415,3.0
842,4422,2.56
843,4440,2.7
844,4447,3.0
845,4450,3.0
846,4455,3.0
847,4459,2.75
848,4471,3.0
849,4473,3.0
850,4489,3.0
851,4492,3.0
852,4495,2.0
853,4498,2.96
854,4499,1.66
855,4503,1.0
856,4510,2.14
857,4512,2.81
858,4516,2.98
859,4517,2.98
860,4518,2.94
861,4521,2.46
862,4522,3.0
863,4528,2.0
864,4533,2.98
865,4539,2.42
866,4540,1.0
867,4541,3.0
868,4546,2.96
869,4561,3.0
870,4563,2.93
871,4566,2.92
872,4572,2.9
873,4573,3.0
874,4574,2.1
875,4579,3.0
876,4584,3.0
877,4589,2.0
878,4591,2.98
879,4599,3.0
880,4609,2.0
881,4610,3.0
882,4619,2.63
883,4642,3.0
884,4649,2.75
885,4655,3.0
886,4661,2.84
887,4662,3.0
888,4666,2.66
889,4667,3.0
890,4672,3.16
891,4675,3.0
892,4699,2.2
893,4702,3.0
894,4716,3.0
895,4717,2.0
896,4721,3.0
897,4725,3.0
898,4737,3.0
899,4743,2.92
900,4751,3.0
901,4754,2.04
902,4763,2.68
903,4767,2.78
904,4768,3.0
905,4775,2.0
906,4781,2.86
907,4784,3.0
908,4794,2.44
909,4797,2.0
910,4798,2.0
911,4801,2.02
912,4802,2.0
913,4804,3.0
914,4808,2.96
915,4817,2.98
916,4820,2.0
917,4824,3.0
918,4826,2.69
919,4827,2.0
920,4829,2.72
921,4838,3.0
922,4839,3.0
923,4858,2.6
924,4864,3.0
925,4870,3.0
926,4878,3.0
927,4884,2.0
928,4888,3.0
929,4889,2.0
930,4896,2.53
931,4897,2.98
932,4900,2.0
933,4906,1.0
934,4913,1.0
935,4917,2.94
936,4919,3.0
937,4922,3.0
938,4926,3.0
939,4937,2.0
940,4938,2.23
941,4946,2.08
942,4985,3.0
943,4997,1.0
944,4998,3.0
945,5000,3.0
946,5017,3.0
947,5023,2.92
948,5044,2.88
949,5051,3.0
950,5052,3.0
951,5054,2.98
952,5061,3.0
953,5064,1.06
954,5074,2.06
955,5082,2.82
956,5093,2.98
957,5094,3.0
958,5095,3.0
959,5099,3.0
960,5100,2.41
961,5106,3.0
962,5112,2.3
963,5113,2.0
964,5120,2.28
965,5126,1.0
966,5143,3.0
967,5145,2.81
968,5147,3.0
969,5158,2.91
970,5167,2.52
971,5174,2.0
972,5175,3.0
973,5184,3.0
974,5198,2.85
975,5201,2.96
976,5205,2.0
977,5220,2.12
978,5222,2.55
979,5224,2.0
980,5239,2.09
981,5241,3.0
982,5243,3.0
983,5248,2.06
984,5255,2.96
985,5263,2.0
986,5269,2.78
987,5281,2.15
988,5291,3.0
989,5295,3.0
990,5296,2.75
991,5299,2.98
992,5310,3.0
993,5311,2.0
994,5327,3.0
995,5330,2.12
996,5332,3.0
997,5342,2.96
998,5344,2.0
999,5345,2.27
1000,5352,3.0
1001,5355,2.46
1002,5356,2.98
1003,5377,2.1
1004,5382,3.0
1005,5388,1.0
1006,5395,2.32
1007,5397,3.0
1008,5401,3.0
1009,5409,3.0
1010,5411,2.0
1011,5415,3.0
1012,5433,2.84
1013,5436,2.96
1014,5438,2.96
1015,5442,2.94
1016,5443,3.0
1017,5454,3.0
1018,5457,3.0
1019,5461,2.21
1020,5468,3.0
1021,5474,3.0
1022,5480,3.0
1023,5482,2.0
1024,5494,2.98
1025,5501,2.66
1026,5506,3.0
1027,5508,2.92
1028,5511,3.0
1029,5512,2.98
1030,5525,1.0
1031,5529,2.0
1032,5532,3.0
1033,5533,2.02
1034,5537,1.75
1035,5539,2.98
1036,5549,1.0
1037,5554,2.66
1038,5561,3.0
1039,5567,3.0
1040,5578,3.0
1041,5580,3.0
1042,5585,3.0
1043,5586,2.0
1044,5590,2.0
1045,5597,2.04
1046,5603,2.0
1047,5616,3.0
1048,5618,3.0
1049,5627,3.0
1050,5629,2.96
1051,5636,3.0
1052,5642,2.12
1053,5648,3.0
1054,5659,2.21
1055,5663,2.0
1056,5669,2.18
1057,5677,3.0
1058,5683,2.0
1059,5685,3.0
1060,5696,2.1
1061,5700,3.0
1062,5705,2.92
1063,5708,2.84
1064,5714,3.0
1065,5716,2.24
1066,5725,2.85
1067,5739,3.0
1068,5741,2.13
1069,5748,2.42
1070,5755,3.0
1071,5761,2.86
1072,5763,3.0
1073,5766,2.02
1074,5769,2.96
1075,5770,3.0
1076,5771,3.0
1077,5776,3.0
1078,5780,3.0
1079,5788,1.0
1080,5793,2.28
1081,5794,2.0
1082,5800,3.0
1083,5802,2.0
1084,5808,3.0
1085,5813,3.0
1086,5824,3.0
1087,5827,3.0
1088,5831,2.0
1089,5842,2.0
